time, x, xd
0, 10, 0
0.010000, 9.999555, -0.098800
0.020000, 9.998123, -0.197600
0.030000, 9.995702, -0.296400
0.040000, 9.992294, -0.395200
0.050000, 9.987897, -0.494000
0.060000, 9.982512, -0.592800
0.070000, 9.976140, -0.691600
0.080000, 9.968779, -0.790400
0.090000, 9.960431, -0.889200
0.100000, 9.951094, -0.988000
0.110000, 9.940769, -1.086800
0.120000, 9.929457, -1.185600
0.130000, 9.917156, -1.284400
0.140000, 9.903868, -1.383200
0.150000, 9.889591, -1.482000
0.160000, 9.874326, -1.580800
0.170000, 9.858074, -1.679600
0.180000, 9.840833, -1.778400
0.190000, 9.822605, -1.877200
0.200000, 9.803388, -1.976000
0.210000, 9.783183, -2.074800
0.220000, 9.761991, -2.173600
0.230000, 9.739810, -2.272400
0.240000, 9.716642, -2.371200
0.250000, 9.692485, -2.470000
0.260000, 9.667340, -2.568800
0.270000, 9.641208, -2.667600
0.280000, 9.614087, -2.766400
0.290000, 9.585979, -2.865200
0.300000, 9.556882, -2.964000
0.310000, 9.526797, -3.062800
0.320000, 9.495725, -3.161600
0.330000, 9.463664, -3.260400
0.340000, 9.430616, -3.359200
0.350000, 9.396579, -3.458000
0.360000, 9.361554, -3.556800
0.370000, 9.325542, -3.655600
0.380000, 9.288541, -3.754400
0.390000, 9.250553, -3.853200
0.400000, 9.211576, -3.952000
0.410000, 9.171611, -4.050800
0.420000, 9.130659, -4.149600
0.430000, 9.088718, -4.248400
0.440000, 9.045790, -4.347200
0.450000, 9.001873, -4.446000
0.460000, 8.956968, -4.544800
0.470000, 8.911076, -4.643600
0.480000, 8.864195, -4.742400
0.490000, 8.816327, -4.841200
0.500000, 8.767470, -4.940000
0.510000, 8.717625, -5.038800
0.520000, 8.666793, -5.137600
0.530000, 8.614972, -5.236400
0.540000, 8.562164, -5.335200
0.550000, 8.508367, -5.434000
0.560000, 8.453582, -5.532800
0.570000, 8.397810, -5.631600
0.580000, 8.341049, -5.730400
0.590000, 8.283301, -5.829200
0.600000, 8.224564, -5.928000
0.610000, 8.164839, -6.026800
0.620000, 8.104127, -6.125600
0.630000, 8.042426, -6.224400
0.640000, 7.979738, -6.323200
0.650000, 7.916061, -6.422000
0.660000, 7.851396, -6.520800
0.670000, 7.785744, -6.619600
0.680000, 7.719103, -6.718400
0.690000, 7.651475, -6.817200
0.700000, 7.582858, -6.916000
0.710000, 7.513253, -7.014800
0.720000, 7.442661, -7.113600
0.730000, 7.371080, -7.212400
0.740000, 7.298512, -7.311200
0.750000, 7.224955, -7.410000
0.760000, 7.150410, -7.508800
0.770000, 7.074878, -7.607600
0.780000, 6.998357, -7.706400
0.790000, 6.920849, -7.805200
0.800000, 6.842352, -7.904000
0.810000, 6.762867, -8.002800
0.820000, 6.682395, -8.101600
0.830000, 6.600934, -8.200400
0.840000, 6.518486, -8.299200
0.850000, 6.435049, -8.398000
0.860000, 6.350624, -8.496800
0.870000, 6.265212, -8.595600
0.880000, 6.178811, -8.694400
0.890000, 6.091423, -8.793200
0.900000, 6.003046, -8.892000
0.910000, 5.913681, -8.990800
0.920000, 5.823329, -9.089600
0.930000, 5.731988, -9.188400
0.940000, 5.639660, -9.287200
0.950000, 5.546343, -9.386000
0.960000, 5.452038, -9.484800
0.970000, 5.356746, -9.583600
0.980000, 5.260465, -9.682400
0.990000, 5.163197, -9.781200
1, 5.064940, -9.880000
1.011000, 4.955717, -9.988680
1.022000, 4.845298, -10.097360
1.033000, 4.733683, -10.206040
1.044000, 4.620874, -10.314720
1.055000, 4.506868, -10.423400
1.066000, 4.391667, -10.532080
1.077000, 4.275271, -10.640760
1.088000, 4.157679, -10.749440
1.099000, 4.038892, -10.858120
1.110000, 3.918909, -10.966800
1.121000, 3.797731, -11.075480
1.132000, 3.675358, -11.184160
1.143000, 3.551788, -11.292840
1.154000, 3.427024, -11.401520
1.165000, 3.301064, -11.510200
1.176000, 3.173908, -11.618880
1.187000, 3.045557, -11.727560
1.198000, 2.916010, -11.836240
1.209000, 2.785268, -11.944920
1.220000, 2.653331, -12.053600
1.231000, 2.520198, -12.162280
1.242000, 2.385869, -12.270960
1.253000, 2.250345, -12.379640
1.264000, 2.113626, -12.488320
1.275000, 1.975711, -12.597000
1.286000, 1.836601, -12.705680
1.297000, 1.696295, -12.814360
1.308000, 1.554793, -12.923040
1.319000, 1.412097, -13.031720
1.330000, 1.268204, -13.140400
1.341000, 1.123116, -13.249080
1.352000, 0.976833, -13.357760
1.363000, 0.829354, -13.466440
1.374000, 0.680680, -13.575120
1.385000, 0.530810, -13.683800
1.396000, 0.379745, -13.792480
1.407000, 0.227485, -13.901160
1.418000, 0.074028, -14.009840
1.429000, 0.066357, 11.205896
1.440000, 0.189078, 11.097216
1.451000, 0.310604, 10.988536
1.462000, 0.430934, 10.879856
1.473000, 0.550070, 10.771176
1.484000, 0.668009, 10.662496
1.495000, 0.784753, 10.553816
1.506000, 0.900302, 10.445136
1.517000, 1.014655, 10.336456
1.528000, 1.127812, 10.227776
1.539000, 1.239775, 10.119096
1.550000, 1.350541, 10.010416
1.561000, 1.460112, 9.901736
1.572000, 1.568488, 9.793056
1.583000, 1.675668, 9.684376
1.594000, 1.781653, 9.575696
1.605000, 1.886442, 9.467016
1.616000, 1.990036, 9.358336
1.627000, 2.092434, 9.249656
1.638000, 2.193637, 9.140976
1.649000, 2.293644, 9.032296
1.660000, 2.392456, 8.923616
1.671000, 2.490073, 8.814936
1.682000, 2.586494, 8.706256
1.693000, 2.681719, 8.597576
1.704000, 2.775749, 8.488896
1.715000, 2.868583, 8.380216
1.726000, 2.960222, 8.271536
1.737000, 3.050666, 8.162856
1.748000, 3.139914, 8.054176
1.759000, 3.227966, 7.945496
1.770000, 3.314823, 7.836816
1.781000, 3.400485, 7.728136
1.792000, 3.484951, 7.619456
1.803000, 3.568222, 7.510776
1.814000, 3.650297, 7.402096
1.825000, 3.731177, 7.293416
1.836000, 3.810861, 7.184736
1.847000, 3.889349, 7.076056
1.858000, 3.966643, 6.967376
1.869000, 4.042740, 6.858696
1.880000, 4.117643, 6.750016
1.891000, 4.191349, 6.641336
1.902000, 4.263861, 6.532656
1.913000, 4.335177, 6.423976
1.924000, 4.405297, 6.315296
1.935000, 4.474222, 6.206616
1.946000, 4.541951, 6.097936
1.957000, 4.608485, 5.989256
1.968000, 4.673823, 5.880576
1.979000, 4.737966, 5.771896
1.990000, 4.800914, 5.663216
2.001000, 4.862666, 5.554536
2.012000, 4.923222, 5.445856
2.023000, 4.982583, 5.337176
2.034000, 5.040749, 5.228496
2.045000, 5.097719, 5.119816
2.056000, 5.153493, 5.011136
2.067000, 5.208073, 4.902456
2.078000, 5.261456, 4.793776
2.089000, 5.313644, 4.685096
2.100000, 5.364637, 4.576416
2.111000, 5.414434, 4.467736
2.122000, 5.463036, 4.359056
2.133000, 5.510442, 4.250376
2.144000, 5.556653, 4.141696
2.155000, 5.601668, 4.033016
2.166000, 5.645488, 3.924336
2.177000, 5.688112, 3.815656
2.188000, 5.729541, 3.706976
2.199000, 5.769774, 3.598296
2.210000, 5.808812, 3.489616
2.221000, 5.846655, 3.380936
2.232000, 5.883301, 3.272256
2.243000, 5.918753, 3.163576
2.254000, 5.953009, 3.054896
2.265000, 5.986069, 2.946216
2.276000, 6.017934, 2.837536
2.287000, 6.048604, 2.728856
2.298000, 6.078078, 2.620176
2.309000, 6.106356, 2.511496
2.320000, 6.133439, 2.402816
2.331000, 6.159327, 2.294136
2.342000, 6.184019, 2.185456
2.353000, 6.207516, 2.076776
2.364000, 6.229817, 1.968096
2.375000, 6.250922, 1.859416
2.386000, 6.270833, 1.750736
2.397000, 6.289547, 1.642056
2.408000, 6.307066, 1.533376
2.419000, 6.323390, 1.424696
2.430000, 6.338518, 1.316016
2.441000, 6.352451, 1.207336
2.452000, 6.365189, 1.098656
2.463000, 6.376730, 0.989976
2.474000, 6.387077, 0.881296
2.485000, 6.396228, 0.772616
2.496000, 6.404183, 0.663936
2.507000, 6.410943, 0.555256
2.518000, 6.416507, 0.446576
2.529000, 6.420876, 0.337896
2.540000, 6.424050, 0.229216
2.551000, 6.426028, 0.120536
2.562000, 6.426810, 0.011856
2.573000, 6.426397, -0.096824
2.584000, 6.424789, -0.205504
2.595000, 6.421985, -0.314184
2.606000, 6.417985, -0.422864
2.617000, 6.412790, -0.531544
2.628000, 6.406400, -0.640224
2.639000, 6.398814, -0.748904
2.650000, 6.390033, -0.857584
2.661000, 6.380056, -0.966264
2.672000, 6.368884, -1.074944
2.683000, 6.356516, -1.183624
2.694000, 6.342953, -1.292304
2.705000, 6.328194, -1.400984
2.716000, 6.312240, -1.509664
2.727000, 6.295090, -1.618344
2.738000, 6.276745, -1.727024
2.749000, 6.257204, -1.835704
2.760000, 6.236468, -1.944384
2.771000, 6.214536, -2.053064
2.782000, 6.191409, -2.161744
2.793000, 6.167087, -2.270424
2.804000, 6.141569, -2.379104
2.815000, 6.114855, -2.487784
2.826000, 6.086946, -2.596464
2.837000, 6.057841, -2.705144
2.848000, 6.027542, -2.813824
2.859000, 5.996046, -2.922504
2.870000, 5.963355, -3.031184
2.881000, 5.929469, -3.139864
2.892000, 5.894387, -3.248544
2.903000, 5.858109, -3.357224
2.914000, 5.820637, -3.465904
2.925000, 5.781968, -3.574584
2.936000, 5.742104, -3.683264
2.947000, 5.701045, -3.791944
2.958000, 5.658790, -3.900624
2.969000, 5.615340, -4.009304
2.980000, 5.570694, -4.117984
2.991000, 5.524853, -4.226664
3.002000, 5.477816, -4.335344
3.013000, 5.429584, -4.444024
3.024000, 5.380156, -4.552704
3.035000, 5.329533, -4.661384
3.046000, 5.277715, -4.770064
3.057000, 5.224701, -4.878744
3.068000, 5.170491, -4.987424
3.079000, 5.115086, -5.096104
3.090000, 5.058485, -5.204784
3.101000, 5.000689, -5.313464
3.112000, 4.941698, -5.422144
3.123000, 4.881511, -5.530824
3.134000, 4.820128, -5.639504
3.145000, 4.757550, -5.748184
3.156000, 4.693777, -5.856864
3.167000, 4.628808, -5.965544
3.178000, 4.562644, -6.074224
3.189000, 4.495284, -6.182904
3.200000, 4.426729, -6.291584
3.211000, 4.356978, -6.400264
3.222000, 4.286031, -6.508944
3.233000, 4.213890, -6.617624
3.244000, 4.140552, -6.726304
3.255000, 4.066020, -6.834984
3.266000, 3.990291, -6.943664
3.277000, 3.913368, -7.052344
3.288000, 3.835249, -7.161024
3.299000, 3.755934, -7.269704
3.310000, 3.675424, -7.378384
3.321000, 3.593718, -7.487064
3.332000, 3.510817, -7.595744
3.343000, 3.426720, -7.704424
3.354000, 3.341428, -7.813104
3.365000, 3.254941, -7.921784
3.376000, 3.167258, -8.030464
3.387000, 3.078379, -8.139144
3.398000, 2.988305, -8.247824
3.409000, 2.897036, -8.356504
3.420000, 2.804571, -8.465184
3.431000, 2.710910, -8.573864
3.442000, 2.616055, -8.682544
3.453000, 2.520003, -8.791224
3.464000, 2.422756, -8.899904
3.475000, 2.324314, -9.008584
3.486000, 2.224676, -9.117264
3.497000, 2.123843, -9.225944
3.508000, 2.021814, -9.334624
3.519000, 1.918590, -9.443304
3.530000, 1.814170, -9.551984
3.541000, 1.708555, -9.660664
3.552000, 1.601744, -9.769344
3.563000, 1.493738, -9.878024
3.574000, 1.384536, -9.986704
3.585000, 1.274139, -10.095384
3.596000, 1.162547, -10.204064
3.607000, 1.049758, -10.312744
3.618000, 0.935775, -10.421424
3.629000, 0.820596, -10.530104
3.640000, 0.704221, -10.638784
3.651000, 0.586651, -10.747464
3.662000, 0.467886, -10.856144
3.673000, 0.347925, -10.964824
3.684000, 0.226768, -11.073504
3.695000, 0.104416, -11.182184
3.706000, 0.016875, 9.014907
3.717000, 0.115496, 8.906227
3.728000, 0.212921, 8.797547
3.739000, 0.309150, 8.688867
3.750000, 0.404184, 8.580187
3.761000, 0.498023, 8.471507
3.772000, 0.590666, 8.362827
3.783000, 0.682114, 8.254147
3.794000, 0.772366, 8.145467
3.805000, 0.861423, 8.036787
3.816000, 0.949284, 7.928107
3.827000, 1.035950, 7.819427
3.838000, 1.121420, 7.710747
3.849000, 1.205695, 7.602067
3.860000, 1.288774, 7.493387
3.871000, 1.370658, 7.384707
3.882000, 1.451347, 7.276027
3.893000, 1.530839, 7.167347
3.904000, 1.609137, 7.058667
3.915000, 1.686239, 6.949987
3.926000, 1.762145, 6.841307
3.937000, 1.836856, 6.732627
3.948000, 1.910372, 6.623947
3.959000, 1.982692, 6.515267
3.970000, 2.053816, 6.406587
3.981000, 2.123745, 6.297907
3.992000, 2.192479, 6.189227
4.002000, 2.253927, 6.090427
4.012000, 2.314386, 5.991627
4.022000, 2.373858, 5.892827
4.032000, 2.432342, 5.794027
4.042000, 2.489837, 5.695227
4.052000, 2.546345, 5.596427
4.062000, 2.601865, 5.497627
4.072000, 2.656396, 5.398827
4.082000, 2.709940, 5.300027
4.092000, 2.762496, 5.201227
4.102000, 2.814063, 5.102427
4.112000, 2.864643, 5.003627
4.122000, 2.914235, 4.904827
4.132000, 2.962838, 4.806027
4.142000, 3.010454, 4.707227
4.152000, 3.057082, 4.608427
4.162000, 3.102721, 4.509627
4.172000, 3.147373, 4.410827
4.182000, 3.191037, 4.312027
4.192000, 3.233712, 4.213227
4.202000, 3.275400, 4.114427
4.212000, 3.316100, 4.015627
4.222000, 3.355811, 3.916827
4.232000, 3.394535, 3.818027
4.242000, 3.432271, 3.719227
4.252000, 3.469018, 3.620427
4.262000, 3.504778, 3.521627
4.272000, 3.539550, 3.422827
4.282000, 3.573333, 3.324027
4.292000, 3.606129, 3.225227
4.302000, 3.637937, 3.126427
4.312000, 3.668756, 3.027627
4.322000, 3.698588, 2.928827
4.332000, 3.727432, 2.830027
4.342000, 3.755288, 2.731227
4.352000, 3.782155, 2.632427
4.362000, 3.808035, 2.533627
4.372000, 3.832927, 2.434827
4.382000, 3.856830, 2.336027
4.392000, 3.879746, 2.237227
4.402000, 3.901674, 2.138427
4.412000, 3.922613, 2.039627
4.422000, 3.942565, 1.940827
4.432000, 3.961529, 1.842027
4.442000, 3.979504, 1.743227
4.452000, 3.996492, 1.644427
4.462000, 4.012492, 1.545627
4.472000, 4.027503, 1.446827
4.482000, 4.041527, 1.348027
4.492000, 4.054563, 1.249227
4.502000, 4.066610, 1.150427
4.512000, 4.077670, 1.051627
4.522000, 4.087742, 0.952827
4.532000, 4.096825, 0.854027
4.542000, 4.104921, 0.755227
4.552000, 4.112029, 0.656427
4.562000, 4.118148, 0.557627
4.572000, 4.123280, 0.458827
4.582000, 4.127424, 0.360027
4.592000, 4.130579, 0.261227
4.602000, 4.132747, 0.162427
4.612000, 4.133927, 0.063627
4.622000, 4.134118, -0.035173
4.632000, 4.133322, -0.133973
4.642000, 4.131538, -0.232773
4.652000, 4.128765, -0.331573
4.662000, 4.125005, -0.430373
4.672000, 4.120257, -0.529173
4.682000, 4.114520, -0.627973
4.692000, 4.107796, -0.726773
4.702000, 4.100084, -0.825573
4.712000, 4.091383, -0.924373
4.722000, 4.081695, -1.023173
4.732000, 4.071019, -1.121973
4.742000, 4.059354, -1.220773
4.752000, 4.046702, -1.319573
4.762000, 4.033062, -1.418373
4.772000, 4.018433, -1.517173
4.782000, 4.002817, -1.615973
4.792000, 3.986213, -1.714773
4.802000, 3.968620, -1.813573
4.812000, 3.950040, -1.912373
4.822000, 3.930472, -2.011173
4.832000, 3.909915, -2.109973
4.842000, 3.888371, -2.208773
4.852000, 3.865839, -2.307573
4.862000, 3.842318, -2.406373
4.872000, 3.817810, -2.505173
4.882000, 3.792314, -2.603973
4.892000, 3.765829, -2.702773
4.902000, 3.738357, -2.801573
4.912000, 3.709897, -2.900373
4.922000, 3.680448, -2.999173
4.932000, 3.650012, -3.097973
4.942000, 3.618588, -3.196773
4.952000, 3.586176, -3.295573
4.962000, 3.552775, -3.394373
4.972000, 3.518387, -3.493173
4.982000, 3.483011, -3.591973
4.992000, 3.446646, -3.690773
5.002000, 3.409294, -3.789573
5.012000, 3.370954, -3.888373
5.022000, 3.331625, -3.987173
5.032000, 3.291309, -4.085973
5.042000, 3.250005, -4.184773
5.052000, 3.207712, -4.283573
5.062000, 3.164432, -4.382373
5.072000, 3.120164, -4.481173
5.082000, 3.074907, -4.579973
5.092000, 3.028663, -4.678773
5.102000, 2.981431, -4.777573
5.112000, 2.933210, -4.876373
5.122000, 2.884002, -4.975173
5.132000, 2.833806, -5.073973
5.142000, 2.782621, -5.172773
5.152000, 2.730449, -5.271573
5.162000, 2.677289, -5.370373
5.172000, 2.623140, -5.469173
5.182000, 2.568004, -5.567973
5.192000, 2.511880, -5.666773
5.202000, 2.454767, -5.765573
5.212000, 2.396667, -5.864373
5.222000, 2.337579, -5.963173
5.232000, 2.277502, -6.061973
5.242000, 2.216438, -6.160773
5.252000, 2.154386, -6.259573
5.262000, 2.091345, -6.358373
5.272000, 2.027317, -6.457173
5.282000, 1.962301, -6.555973
5.292000, 1.896296, -6.654773
5.302000, 1.829304, -6.753573
5.312000, 1.761324, -6.852373
5.322000, 1.692355, -6.951173
5.332000, 1.622399, -7.049973
5.342000, 1.551455, -7.148773
5.352000, 1.479522, -7.247573
5.362000, 1.406602, -7.346373
5.372000, 1.332694, -7.445173
5.382000, 1.257797, -7.543973
5.392000, 1.181913, -7.642773
5.402000, 1.105041, -7.741573
5.412000, 1.027180, -7.840373
5.422000, 0.948332, -7.939173
5.432000, 0.868496, -8.037973
5.442000, 0.787671, -8.136773
5.452000, 0.705859, -8.235573
5.462000, 0.623059, -8.334373
5.472000, 0.539270, -8.433173
5.482000, 0.454494, -8.531973
5.492000, 0.368730, -8.630773
5.502000, 0.281977, -8.729573
5.512000, 0.194237, -8.828373
5.522000, 0.105509, -8.927173
5.532000, 0.015792, -9.025973
5.542000, 0.059885, 7.157546
5.552000, 0.131016, 7.058746
5.562000, 0.201159, 6.959946
5.572000, 0.270314, 6.861146
5.582000, 0.338481, 6.762346
5.592000, 0.405660, 6.663546
5.602000, 0.471851, 6.564746
5.612000, 0.537053, 6.465946
5.622000, 0.601268, 6.367146
5.632000, 0.664495, 6.268346
5.642000, 0.726734, 6.169546
5.652000, 0.787985, 6.070746
5.662000, 0.848248, 5.971946
5.672000, 0.907523, 5.873146
5.682000, 0.965809, 5.774346
5.692000, 1.023108, 5.675546
5.702000, 1.079419, 5.576746
5.712000, 1.134742, 5.477946
5.722000, 1.189077, 5.379146
5.732000, 1.242424, 5.280346
5.742000, 1.294783, 5.181546
5.752000, 1.346154, 5.082746
5.762000, 1.396536, 4.983946
5.772000, 1.445931, 4.885146
5.782000, 1.494338, 4.786346
5.792000, 1.541757, 4.687546
5.802000, 1.588188, 4.588746
5.812000, 1.633631, 4.489946
5.822000, 1.678086, 4.391146
5.832000, 1.721552, 4.292346
5.842000, 1.764031, 4.193546
5.852000, 1.805522, 4.094746
5.862000, 1.846025, 3.995946
5.872000, 1.885540, 3.897146
5.882000, 1.924067, 3.798346
5.892000, 1.961606, 3.699546
5.902000, 1.998156, 3.600746
5.912000, 2.033719, 3.501946
5.922000, 2.068294, 3.403146
5.932000, 2.101881, 3.304346
5.942000, 2.134480, 3.205546
5.952000, 2.166091, 3.106746
5.962000, 2.196714, 3.007946
5.972000, 2.226348, 2.909146
5.982000, 2.254995, 2.810346
5.992000, 2.282654, 2.711546
6.002000, 2.309325, 2.612746
6.012000, 2.335008, 2.513946
6.022000, 2.359703, 2.415146
6.032000, 2.383410, 2.316346
6.042000, 2.406129, 2.217546
6.052000, 2.427859, 2.118746
6.062000, 2.448602, 2.019946
6.072000, 2.468357, 1.921146
6.082000, 2.487124, 1.822346
6.092000, 2.504903, 1.723546
6.102000, 2.521694, 1.624746
6.112000, 2.537497, 1.525946
6.122000, 2.552311, 1.427146
6.132000, 2.566138, 1.328346
6.142000, 2.578977, 1.229546
6.152000, 2.590828, 1.130746
6.162000, 2.601691, 1.031946
6.172000, 2.611566, 0.933146
6.182000, 2.620453, 0.834346
6.192000, 2.628351, 0.735546
6.202000, 2.635262, 0.636746
6.212000, 2.641185, 0.537946
6.222000, 2.646120, 0.439146
6.232000, 2.650067, 0.340346
6.242000, 2.653026, 0.241546
6.252000, 2.654997, 0.142746
6.262000, 2.655979, 0.043946
6.272000, 2.655974, -0.054854
6.282000, 2.654981, -0.153654
6.292000, 2.653000, -0.252454
6.302000, 2.650031, -0.351254
6.312000, 2.646074, -0.450054
6.322000, 2.641129, -0.548854
6.332000, 2.635196, -0.647654
6.342000, 2.628274, -0.746454
6.352000, 2.620365, -0.845254
6.362000, 2.611468, -0.944054
6.372000, 2.601583, -1.042854
6.382000, 2.590710, -1.141654
6.392000, 2.578849, -1.240454
6.402000, 2.566000, -1.339254
6.412000, 2.552162, -1.438054
6.422000, 2.537337, -1.536854
6.432000, 2.521524, -1.635654
6.442000, 2.504723, -1.734454
6.452000, 2.486934, -1.833254
6.462000, 2.468157, -1.932054
6.472000, 2.448392, -2.030854
6.482000, 2.427638, -2.129654
6.492000, 2.405897, -2.228454
6.502000, 2.383168, -2.327254
6.512000, 2.359451, -2.426054
6.522000, 2.334746, -2.524854
6.532000, 2.309053, -2.623654
6.542000, 2.282372, -2.722454
6.552000, 2.254702, -2.821254
6.562000, 2.226045, -2.920054
6.572000, 2.196400, -3.018854
6.582000, 2.165767, -3.117654
6.592000, 2.134146, -3.216454
6.602000, 2.101537, -3.315254
6.612000, 2.067940, -3.414054
6.622000, 2.033355, -3.512854
6.632000, 1.997781, -3.611654
6.642000, 1.961220, -3.710454
6.652000, 1.923671, -3.809254
6.662000, 1.885134, -3.908054
6.672000, 1.845609, -4.006854
6.682000, 1.805096, -4.105654
6.692000, 1.763595, -4.204454
6.702000, 1.721105, -4.303254
6.712000, 1.677628, -4.402054
6.722000, 1.633163, -4.500854
6.732000, 1.587710, -4.599654
6.742000, 1.541269, -4.698454
6.752000, 1.493840, -4.797254
6.762000, 1.445423, -4.896054
6.772000, 1.396017, -4.994854
6.782000, 1.345624, -5.093654
6.792000, 1.294243, -5.192454
6.802000, 1.241874, -5.291254
6.812000, 1.188517, -5.390054
6.822000, 1.134172, -5.488854
6.832000, 1.078839, -5.587654
6.842000, 1.022518, -5.686454
6.852000, 0.965208, -5.785254
6.862000, 0.906911, -5.884054
6.872000, 0.847626, -5.982854
6.882000, 0.787353, -6.081654
6.892000, 0.726092, -6.180454
6.902000, 0.663843, -6.279254
6.912000, 0.600606, -6.378054
6.922000, 0.536380, -6.476854
6.932000, 0.471167, -6.575654
6.942000, 0.404966, -6.674454
6.952000, 0.337777, -6.773254
6.962000, 0.269600, -6.872054
6.972000, 0.200435, -6.970854
6.982000, 0.130282, -7.069654
6.992000, 0.059140, -7.168454
7.002000, 0.011537, 5.796019
7.012000, 0.069053, 5.697219
7.022000, 0.125580, 5.598419
7.032000, 0.181120, 5.499619
7.042000, 0.235672, 5.400819
7.052000, 0.289235, 5.302019
7.062000, 0.341811, 5.203219
7.072000, 0.393398, 5.104419
7.082000, 0.443998, 5.005619
7.092000, 0.493610, 4.906819
7.102000, 0.542233, 4.808019
7.112000, 0.589869, 4.709219
7.122000, 0.636516, 4.610419
7.132000, 0.682176, 4.511619
7.142000, 0.726847, 4.412819
7.152000, 0.770531, 4.314019
7.162000, 0.813227, 4.215219
7.172000, 0.854934, 4.116419
7.182000, 0.895654, 4.017619
7.192000, 0.935385, 3.918819
7.202000, 0.974129, 3.820019
7.212000, 1.011885, 3.721219
7.222000, 1.048652, 3.622419
7.232000, 1.084432, 3.523619
7.242000, 1.119223, 3.424819
7.252000, 1.153027, 3.326019
7.262000, 1.185843, 3.227219
7.272000, 1.217670, 3.128419
7.282000, 1.248510, 3.029619
7.292000, 1.278361, 2.930819
7.302000, 1.307225, 2.832019
7.312000, 1.335101, 2.733219
7.322000, 1.361988, 2.634419
7.332000, 1.387888, 2.535619
7.342000, 1.412799, 2.436819
7.352000, 1.436723, 2.338019
7.362000, 1.459658, 2.239219
7.372000, 1.481606, 2.140419
7.382000, 1.502566, 2.041619
7.392000, 1.522537, 1.942819
7.402000, 1.541521, 1.844019
7.412000, 1.559516, 1.745219
7.422000, 1.576524, 1.646419
7.432000, 1.592544, 1.547619
7.442000, 1.607575, 1.448819
7.452000, 1.621619, 1.350019
7.462000, 1.634674, 1.251219
7.472000, 1.646742, 1.152419
7.482000, 1.657822, 1.053619
7.492000, 1.667913, 0.954819
7.502000, 1.677017, 0.856019
7.512000, 1.685132, 0.757219
7.522000, 1.692260, 0.658419
7.532000, 1.698399, 0.559619
7.542000, 1.703551, 0.460819
7.552000, 1.707715, 0.362019
7.562000, 1.710890, 0.263219
7.572000, 1.713078, 0.164419
7.582000, 1.714277, 0.065619
7.592000, 1.714489, -0.033181
7.602000, 1.713713, -0.131981
7.612000, 1.711948, -0.230781
7.622000, 1.709196, -0.329581
7.632000, 1.705455, -0.428381
7.642000, 1.700727, -0.527181
7.652000, 1.695011, -0.625981
7.662000, 1.688306, -0.724781
7.672000, 1.680614, -0.823581
7.682000, 1.671933, -0.922381
7.692000, 1.662265, -1.021181
7.702000, 1.651609, -1.119981
7.712000, 1.639964, -1.218781
7.722000, 1.627332, -1.317581
7.732000, 1.613711, -1.416381
7.742000, 1.599103, -1.515181
7.752000, 1.583506, -1.613981
7.762000, 1.566922, -1.712781
7.772000, 1.549350, -1.811581
7.782000, 1.530789, -1.910381
7.792000, 1.511241, -2.009181
7.802000, 1.490704, -2.107981
7.812000, 1.469180, -2.206781
7.822000, 1.446668, -2.305581
7.832000, 1.423167, -2.404381
7.842000, 1.398679, -2.503181
7.852000, 1.373202, -2.601981
7.862000, 1.346738, -2.700781
7.872000, 1.319286, -2.799581
7.882000, 1.290845, -2.898381
7.892000, 1.261417, -2.997181
7.902000, 1.231000, -3.095981
7.912000, 1.199596, -3.194781
7.922000, 1.167204, -3.293581
7.932000, 1.133823, -3.392381
7.942000, 1.099455, -3.491181
7.952000, 1.064098, -3.589981
7.962000, 1.027754, -3.688781
7.972000, 0.990421, -3.787581
7.982000, 0.952101, -3.886381
7.992000, 0.912793, -3.985181
8.002000, 0.872496, -4.083981
8.013000, 0.827029, -4.192661
8.024000, 0.780366, -4.301341
8.035000, 0.732508, -4.410021
8.046000, 0.683455, -4.518701
8.057000, 0.633205, -4.627381
8.068000, 0.581761, -4.736061
8.079000, 0.529121, -4.844741
8.090000, 0.475285, -4.953421
8.101000, 0.420254, -5.062101
8.112000, 0.364028, -5.170781
8.123000, 0.306606, -5.279461
8.134000, 0.247988, -5.388141
8.145000, 0.188175, -5.496821
8.156000, 0.127167, -5.605501
8.167000, 0.064963, -5.714181
8.178000, 0.001564, -5.822861
8.189000, 0.050477, 4.567393
8.200000, 0.100175, 4.458713
8.211000, 0.148677, 4.350033
8.222000, 0.195984, 4.241353
8.233000, 0.242095, 4.132673
8.244000, 0.287011, 4.023993
8.255000, 0.330732, 3.915313
8.266000, 0.373257, 3.806633
8.277000, 0.414587, 3.697953
8.288000, 0.454721, 3.589273
8.299000, 0.493659, 3.480593
8.310000, 0.531402, 3.371913
8.321000, 0.567950, 3.263233
8.332000, 0.603302, 3.154553
8.343000, 0.637459, 3.045873
8.354000, 0.670420, 2.937193
8.365000, 0.702186, 2.828513
8.376000, 0.732756, 2.719833
8.387000, 0.762131, 2.611153
8.398000, 0.790310, 2.502473
8.409000, 0.817294, 2.393793
8.420000, 0.843082, 2.285113
8.431000, 0.867675, 2.176433
8.442000, 0.891072, 2.067753
8.453000, 0.913274, 1.959073
8.464000, 0.934281, 1.850393
8.475000, 0.954092, 1.741713
8.486000, 0.972707, 1.633033
8.497000, 0.990127, 1.524353
8.508000, 1.006351, 1.415673
8.519000, 1.021380, 1.306993
8.530000, 1.035214, 1.198313
8.541000, 1.047852, 1.089633
8.552000, 1.059295, 0.980953
8.563000, 1.069542, 0.872273
8.574000, 1.078593, 0.763593
8.585000, 1.086449, 0.654913
8.596000, 1.093110, 0.546233
8.607000, 1.098575, 0.437553
8.618000, 1.102845, 0.328873
8.629000, 1.105919, 0.220193
8.640000, 1.107798, 0.111513
8.651000, 1.108481, 0.002833
8.662000, 1.107969, -0.105847
8.673000, 1.106261, -0.214527
8.684000, 1.103358, -0.323207
8.695000, 1.099259, -0.431887
8.706000, 1.093965, -0.540567
8.717000, 1.087475, -0.649247
8.728000, 1.079790, -0.757927
8.739000, 1.070910, -0.866607
8.750000, 1.060834, -0.975287
8.761000, 1.049562, -1.083967
8.772000, 1.037095, -1.192647
8.783000, 1.023432, -1.301327
8.794000, 1.008574, -1.410007
8.805000, 0.992521, -1.518687
8.816000, 0.975272, -1.627367
8.827000, 0.956828, -1.736047
8.838000, 0.937188, -1.844727
8.849000, 0.916352, -1.953407
8.860000, 0.894321, -2.062087
8.871000, 0.871095, -2.170767
8.882000, 0.846673, -2.279447
8.893000, 0.821056, -2.388127
8.904000, 0.794243, -2.496807
8.915000, 0.766235, -2.605487
8.926000, 0.737031, -2.714167
8.937000, 0.706632, -2.822847
8.948000, 0.675037, -2.931527
8.959000, 0.642247, -3.040207
8.970000, 0.608261, -3.148887
8.981000, 0.573080, -3.257567
8.992000, 0.536703, -3.366247
9.003000, 0.499131, -3.474927
9.014000, 0.460364, -3.583607
9.025000, 0.420401, -3.692287
9.036000, 0.379242, -3.800967
9.047000, 0.336888, -3.909647
9.058000, 0.293338, -4.018327
9.069000, 0.248593, -4.127007
9.080000, 0.202653, -4.235687
9.091000, 0.155517, -4.344367
9.102000, 0.107186, -4.453047
9.113000, 0.057659, -4.561727
9.124000, 0.006936, -4.670407
9.135000, 0.035828, 3.663214
9.146000, 0.075580, 3.554534
9.157000, 0.114136, 3.445854
9.168000, 0.151497, 3.337174
9.179000, 0.187663, 3.228494
9.190000, 0.222633, 3.119814
9.201000, 0.256407, 3.011134
9.212000, 0.288987, 2.902454
9.223000, 0.320370, 2.793774
9.234000, 0.350558, 2.685094
9.245000, 0.379551, 2.576414
9.256000, 0.407348, 2.467734
9.267000, 0.433950, 2.359054
9.278000, 0.459356, 2.250374
9.289000, 0.483567, 2.141694
9.300000, 0.506582, 2.033014
9.311000, 0.528402, 1.924334
9.322000, 0.549026, 1.815654
9.333000, 0.568455, 1.706974
9.344000, 0.586688, 1.598294
9.355000, 0.603726, 1.489614
9.366000, 0.619568, 1.380934
9.377000, 0.634215, 1.272254
9.388000, 0.647666, 1.163574
9.399000, 0.659922, 1.054894
9.410000, 0.670983, 0.946214
9.421000, 0.680848, 0.837534
9.432000, 0.689517, 0.728854
9.443000, 0.696991, 0.620174
9.454000, 0.703270, 0.511494
9.465000, 0.708353, 0.402814
9.476000, 0.712240, 0.294134
9.487000, 0.714932, 0.185454
9.498000, 0.716429, 0.076774
9.509000, 0.716730, -0.031906
9.520000, 0.715836, -0.140586
9.531000, 0.713746, -0.249266
9.542000, 0.710460, -0.357946
9.553000, 0.705980, -0.466626
9.564000, 0.700303, -0.575306
9.575000, 0.693432, -0.683986
9.586000, 0.685364, -0.792666
9.597000, 0.676102, -0.901346
9.608000, 0.665643, -1.010026
9.619000, 0.653990, -1.118706
9.630000, 0.641141, -1.227386
9.641000, 0.627096, -1.336066
9.652000, 0.611856, -1.444746
9.663000, 0.595420, -1.553426
9.674000, 0.577789, -1.662106
9.685000, 0.558963, -1.770786
9.696000, 0.538940, -1.879466
9.707000, 0.517723, -1.988146
9.718000, 0.495310, -2.096826
9.729000, 0.471701, -2.205506
9.740000, 0.446897, -2.314186
9.751000, 0.420898, -2.422866
9.762000, 0.393703, -2.531546
9.773000, 0.365313, -2.640226
9.784000, 0.335727, -2.748906
9.795000, 0.304945, -2.857586
9.806000, 0.272969, -2.966266
9.817000, 0.239796, -3.074946
9.828000, 0.205428, -3.183626
9.839000, 0.169865, -3.292306
9.850000, 0.133106, -3.400986
9.861000, 0.095152, -3.509666
9.872000, 0.056002, -3.618346
9.883000, 0.015657, -3.727026
9.894000, 0.021055, 2.961861
9.905000, 0.053092, 2.853181
9.916000, 0.083934, 2.744501
9.927000, 0.113580, 2.635821
9.938000, 0.142031, 2.527141
9.949000, 0.169286, 2.418461
9.960000, 0.195346, 2.309781
9.971000, 0.220210, 2.201101
9.982000, 0.243879, 2.092421
9.993000, 0.266352, 1.983741